1.235975056689341	184.00937160682986
1.2466893424036269	185.60774500239057
1.2574036281179126	176.77710208910011
1.2681179138321983	165.31199025736129
1.278832199546484	162.69661714533206
1.2895464852607696	145.76709728665676
1.3002607709750553	143.18871139568276
1.3109750566893412	138.39931079567563
1.3216893424036269	138.73772106462735
1.3324036281179126	138.60709377516704
1.3431179138321983	137.65014187852469
1.3538321995464839	137.13515570942295
1.3645464852607696	136.76715567318533
1.3752607709750555	138.37459767580032
1.3859750566893412	138.42272881516607
1.3966893424036269	136.5619857153516
1.4074036281179125	132.80210793238069
1.4181179138321982	126.57745859527977
1.4288321995464841	121.91963495230596
1.5359750566893411	179.43780975083405
1.5466893424036268	184.52822856052629
1.5574036281179127	194.65968420111821
1.5681179138321983	197.64114622551341
1.578832199546484	198.14285895295055
1.5895464852607697	198.66506926158388
1.6002607709750554	199.33771964778796
1.610975056689341	200.39197010193197
1.6216893424036269	201.63837150973455
1.6324036281179126	202.65940860746642
1.6431179138321983	203.13851703327268
1.653832199546484	203.60295933911439
1.6645464852607696	204.00473315940624
1.6752607709750553	205.36570744861947
1.6859750566893412	206.26982928470642
1.6966893424036269	206.34552499650312
1.7074036281179126	206.95096687554047
1.7181179138321983	207.10767407795407
1.7288321995464839	206.5840938624994
1.7395464852607698	204.90467665234348
1.7502607709750555	203.81350054049526
1.7609750566893412	201.78727776407825
1.7716893424036269	200.61871817371414
1.7824036281179125	201.74233907878818
1.7931179138321982	201.26594116469531
1.8038321995464841	200.44842533449386
1.8145464852607698	199.86140757155275
1.8252607709750555	198.72663202022355
1.8359750566893411	197.09428314306226
1.8466893424036268	196.95019461368597
1.8574036281179125	196.55399233956126
1.8681179138321984	195.85982869353188
1.8788321995464841	194.77727043969099
1.8895464852607697	193.60706535521894
1.9002607709750554	191.89001567267209
1.9109750566893411	191.17089438092955
1.9216893424036268	194.49072821954104
1.9324036281179127	197.25134256650108
1.9431179138321983	196.58718241921662
1.953832199546484	194.72783383254603
1.9645464852607697	178.01948787539666
1.9752607709750554	163.24974768209194
1.985975056689341	151.79512449210478
2.0609750566893412	123.21775141207564
2.0716893424036269	120.63300414309403
2.0824036281179126	117.12398157614939
2.0931179138321987	115.94350350249381
2.1038321995464844	115.26070347135081
2.11454648526077	111.98981634651477
2.1252607709750557	107.80928527483135
2.1359750566893414	106.98162690408709
2.1466893424036271	106.17875870249878
2.1574036281179128	105.09423434745626
2.1681179138321984	105.24336134825484
2.1788321995464841	103.69555023037279
2.1895464852607698	102.62515641251193
2.2002607709750555	102.55155794648971
2.2109750566893416	103.15694645009347
2.2216893424036273	102.95877678061998
2.2324036281179129	105.29184354564364
2.2431179138321986	105.58287038918628
2.2538321995464843	103.54306256684424
2.26454648526077	103.75669714180177
2.2752607709750556	102.89092347607205
2.2859750566893413	102.72289414494867
2.296689342403627	101.5420519960992
2.3074036281179127	101.94236307028109
2.3181179138321983	102.09544234256457
2.328832199546484	102.15945307356168
2.3395464852607701	102.64599668068641
2.3502607709750558	102.65504997768818
2.3609750566893415	102.2019127734105
2.3716893424036272	101.02381196792439
2.3824036281179128	100.80113988428121
2.3931179138321985	100.14683124253399
2.4038321995464842	100.04446961995866
2.4145464852607699	100.42466021665591
2.4252607709750555	99.736643267562258
2.4359750566893412	99.841032641861105
2.4466893424036269	100.08775812048731
2.457403628117913	101.03903382918084
2.4681179138321987	99.893044027062459
2.8002607709750555	114.86074704023754
2.8109750566893412	114.17305874554334
2.8216893424036269	111.07992946844662
2.832403628117913	107.70454031361717
2.8431179138321987	106.420261237246
2.8538321995464844	104.00227103445053
2.86454648526077	103.82018732335686
2.8752607709750557	104.82601414035361
2.8859750566893414	105.26281464872426
2.8966893424036271	104.63496355819559
2.9074036281179128	104.46736905149618
2.9181179138321984	102.56412307891738
2.9288321995464841	105.04910958653075
2.9395464852607698	108.08197894342899
2.9502607709750555	108.36056006584347
2.9609750566893416	108.39247293422174
2.9716893424036273	106.53801148422775
2.9824036281179129	104.80649218857477
2.9931179138321986	104.72400661520425
3.0038321995464843	103.86418759499581
3.01454648526077	100.27985452721171
3.4002607709750556	90.436787831932932
3.4109750566893413	89.937841519979528
3.421689342403627	89.900219932520272
4.4609750566893416	139.51503763440749
4.4716893424036268	137.14850148349316
4.4824036281179129	134.3586792891538
4.4931179138321982	134.41820090284347
4.5038321995464843	138.42556313401482
4.5145464852607704	141.08205212985695
4.5252607709750556	142.68956622181622
4.5359750566893418	144.2528376753697
4.546689342403627	145.31940497241692
4.5574036281179131	146.70961602158511
4.5681179138321983	153.36186414225136
4.5788321995464845	160.54037098308001
4.5895464852607697	162.86050815690788
4.6002607709750558	163.173731847309
4.610975056689341	164.64982341046797
4.6216893424036272	165.33926811469217
4.6324036281179124	165.73584826992587
4.6431179138321985	133.6991568691935
4.6538321995464846	133.12582031281559
4.6645464852607699	137.31174427603915
4.675260770975056	136.19520173266523
4.6859750566893412	131.06172046989838
4.6966893424036273	128.71626501959079
4.7074036281179126	124.39333557874653
4.7181179138321987	122.77703211385167
4.7288321995464839	122.25831381922561
4.73954648526077	121.24874652363248
4.7502607709750553	118.72325804316847
4.7609750566893414	118.73229060171995
4.7716893424036275	117.36961881263255
4.7824036281179128	117.40090838531383
4.7931179138321989	115.11180663666858
4.8038321995464841	115.27295895477249
4.8145464852607702	113.38930236203232
4.8252607709750555	112.66760623221255
4.8359750566893416	111.33974039530152
4.8466893424036268	110.84530579966147
4.8574036281179129	110.77556094043963
4.8681179138321982	112.5419629486497
4.8788321995464843	109.27821051690759
4.8895464852607704	108.68007573275702
4.9002607709750556	106.91366323406335
4.9109750566893418	106.5430634607734
4.921689342403627	106.30102282798273
4.9324036281179131	105.94819715201918
4.9431179138321983	105.44383092342208
4.9538321995464845	106.29610974340709
4.9645464852607697	106.32435642909449
4.9752607709750558	106.40614388502682
4.985975056689341	107.2034186248723
4.9966893424036272	108.56209433650514
5.0074036281179124	112.32232437694638
5.0181179138321985	113.89961872240262
5.0288321995464846	114.9699506724007
5.0395464852607699	115.75244748941942
5.050260770975056	118.75494989709406
5.2859750566893418	144.54785885401222
5.296689342403627	143.17866257953568
5.3074036281179131	131.43120023920474
5.3181179138321983	125.76503566707868
5.3288321995464845	120.18531758520409
5.3395464852607697	119.93082768865671
5.3502607709750558	117.94374307593314
5.360975056689341	117.53794996244781
5.3716893424036272	117.83474516182116
5.3824036281179124	115.24002707717086
5.5645464852607702	113.67975405638039
5.5752607709750555	112.73955589823439
5.5859750566893416	111.22254044999563
5.5966893424036268	110.78555166695429
5.6074036281179129	110.85951494587285
5.6181179138321982	111.59884363928562
5.6288321995464843	112.74000415853978
5.6395464852607704	113.09051372866142
5.6502607709750556	113.50186908606125
5.6609750566893418	112.90491282343332
5.671689342403627	105.94536552795937
5.6824036281179131	107.77942060531808
5.6931179138321983	108.24079654160147
5.7038321995464845	112.52136044803154
5.7145464852607697	112.31018505321296
5.7252607709750558	112.00217284826753
5.735975056689341	108.59984919884076
5.7466893424036272	104.82985321347046
5.7574036281179124	101.67632253353065
5.7681179138321985	100.26747188821743
5.7788321995464846	98.575723890251155
5.8859750566893414	112.85215830678821
5.8966893424036275	109.60366994651051
5.9074036281179128	106.13537854748647
5.9181179138321989	102.706867866115
5.9288321995464841	102.98666748352227
5.9395464852607702	103.61246159530714
5.9502607709750555	104.13266035680984
5.9609750566893416	103.99918018942574
5.9716893424036268	99.826042062711537
6.1966893424036273	114.96669829064766
6.2074036281179126	112.2238075132194
6.2181179138321987	110.24201301519666
6.2288321995464839	108.43218264635215
6.23954648526077	107.13814671909095
6.2502607709750553	105.33147958720772
6.2609750566893414	103.68348557940176
6.2716893424036275	103.69578291644051
6.2824036281179128	104.1707681414957
6.2931179138321989	105.11232847567382
6.3038321995464841	105.0882284219721
6.3145464852607702	107.89678991973135
6.3252607709750555	107.73896521399242
6.3359750566893416	108.2744986602856
6.9359750566893412	145.77716308312438
6.9466893424036273	140.99260343623735
6.9574036281179126	134.61055015438924
6.9681179138321987	120.71677748303303
6.9788321995464839	120.38579453087533
6.98954648526077	117.50393520978884
7.0002607709750553	117.65465790563886
7.0109750566893414	115.12062565300779
7.0216893424036275	115.31901853981496
7.0324036281179128	115.57893189946836
7.0431179138321989	115.46213203164061
7.0538321995464841	115.26459210104453
7.0645464852607702	114.95865002040034
7.0752607709750555	114.70298236607816
7.0859750566893416	112.70059628768578
7.0966893424036268	109.99126633482634
7.1074036281179129	106.4382044670562
7.1181179138321982	106.40937663999357
7.1288321995464843	103.82802603295471
7.1395464852607704	102.71413492196929
7.1609750566893418	101.74598901523966
7.171689342403627	106.20653299781004
7.1824036281179131	112.51248346911173
7.1931179138321983	116.67215468556563
7.2038321995464845	116.18067408411805
7.2145464852607697	115.49770748520197
7.2252607709750558	114.33022551923261
7.235975056689341	114.1369123912168
7.2466893424036272	106.85252524618129
7.2574036281179133	103.44318991303786
7.2681179138321985	103.84174125514221
7.2788321995464846	100.77624716639428
7.2895464852607699	101.32122062790633
7.300260770975056	103.14313904241632
7.3109750566893412	105.59479155293009
7.3216893424036273	105.37263107966425
7.3324036281179126	106.13759235278744
7.3431179138321987	109.72843024816017
7.3538321995464839	116.79426102906116
7.36454648526077	129.87293796265266
7.5038321995464843	128.29964921883379
7.5145464852607704	122.87392012645375
7.5252607709750556	122.24096811985721
7.5359750566893418	116.03036441701745
7.546689342403627	116.09427977599698
7.5574036281179131	114.77775818746385
7.5681179138321983	113.96007875952604
7.5788321995464845	110.83049030518004
7.5895464852607697	113.96374094067529
7.6002607709750558	114.70661220670591
7.610975056689341	117.04848752957119
7.6216893424036272	117.65711754505836
7.6324036281179133	119.20031691266601
7.6431179138321985	119.07879054217435
7.6538321995464846	118.84527191915703
7.6645464852607699	118.50352276482883
7.675260770975056	117.64231160620415
7.6859750566893412	116.78707281656995
7.6966893424036273	115.2632073983613
7.7074036281179126	108.87216444060142
7.7181179138321987	108.99377014092977
7.7824036281179128	116.5709166883679
7.7931179138321989	116.13995951422662
7.8038321995464841	112.48136701559422
7.8145464852607702	111.70534625445539
7.8252607709750555	110.80851977084265
7.8359750566893416	107.34524433131374
7.8466893424036268	105.73729025303832
7.8574036281179129	105.54820366688674
7.8681179138321982	106.21293485325521
7.8788321995464843	108.09737379503495
7.8895464852607704	108.62388913777095
7.9002607709750556	109.07776669327215
7.9109750566893418	108.8113842876828
7.9752607709750558	104.41054848568233
7.985975056689341	108.43850540293138
7.9966893424036272	110.32858092757283
8.0074036281179133	111.33517540357759
8.0181179138321976	111.98905986379341
8.0288321995464837	113.07766939582525
8.0395464852607699	114.01601127851013
8.050260770975056	115.44869409033016
8.0609750566893421	116.1488116865976
8.0716893424036265	116.1701318349434
8.0824036281179126	115.67851235617721
8.0931179138321987	115.42421715300442
8.1038321995464848	114.49323451274677
8.1145464852607692	113.94870606673737
8.1252607709750553	113.27100058618524
8.1359750566893414	113.30564240835071
8.1466893424036275	112.95552159708937
8.1574036281179136	112.46500078854869
8.168117913832198	112.51035561260127
8.1788321995464841	112.36783477141496
8.1895464852607702	111.76003176362535
8.2002607709750563	112.53612135804602
8.2109750566893407	112.64743689074027
8.2216893424036268	112.55134740631217
8.2324036281179129	112.77501706688261
8.2431179138321991	112.94223077895542
8.2538321995464834	113.07718167335651
8.2645464852607695	113.39543639132484
8.2752607709750556	113.75527343691161
8.2859750566893418	114.5198548073752
8.2966893424036279	115.82706727193687
8.3074036281179122	115.72645048965856
8.3181179138321983	115.31037386023451
8.3288321995464845	115.47840986019023
8.3395464852607706	115.71119998110341
8.3502607709750549	113.34921771801217
8.360975056689341	112.93380111895254
8.4359750566893421	117.48502504871556
8.4466893424036265	116.40643774570194
8.4574036281179126	116.23620409253415
8.4681179138321987	112.95292096958953
8.4788321995464848	108.88029382438158
8.4895464852607692	104.48227380137408
8.5002607709750553	104.46107391443692
8.5109750566893414	103.61403976173941
8.5216893424036275	103.42414644081047
8.5324036281179136	107.67407992567031
8.543117913832198	107.623823825099
8.5538321995464841	108.51290817978887
8.7145464852607706	157.7399520573147
8.7252607709750549	146.79590040545671
8.735975056689341	140.65870378667509
8.7466893424036272	136.08886885279125
8.7574036281179133	132.3592318550113
8.7681179138321994	129.57911624623679
8.7788321995464837	127.72972140147621
8.7895464852607699	125.76442530520799
8.800260770975056	123.94681271439097
8.8109750566893421	121.41611750013111
8.8216893424036265	119.49474378999601
8.8324036281179126	117.68840563274337
8.8431179138321987	116.48548852722035
8.8538321995464848	112.31144664246591
8.8645464852607692	111.92623661392457
8.8752607709750553	111.59927217464337
8.8859750566893414	100.82882306678145
8.9288321995464841	114.58139997588582
8.9395464852607702	115.09394964395638
8.9502607709750563	113.68445064190836
8.9609750566893407	112.61103290076676
8.9716893424036268	111.99727471991726
8.9824036281179129	111.41146496469443
8.9931179138321991	110.50822550591396
9.0038321995464852	111.59269052246148
9.0145464852607695	108.9356119688489
9.1859750566893421	134.91334051342653
9.1966893424036265	127.46886814705681
9.2074036281179126	121.20018470644926
9.2181179138321987	118.11598209414247
9.2288321995464848	115.45361348679576
9.2395464852607692	108.15136631332584
9.2502607709750553	105.9122208949359
9.2609750566893414	105.35563460145246
9.2716893424036275	103.85916333436516
9.2824036281179136	103.57933729769312
9.293117913832198	103.24008930838156
9.3038321995464841	103.99861952738408
9.3145464852607702	104.47927814428176
9.3252607709750563	104.59086044961028
9.3359750566893407	104.93167745647743
9.3466893424036268	104.63897874564444
9.3574036281179129	105.4530756608217
9.3681179138321991	105.71005960103007
9.3788321995464852	106.90332521688852
9.3895464852607695	106.84695795150984
9.4002607709750556	104.53862166035755
9.4109750566893418	105.30809289917913
9.4216893424036279	106.04421937396384
9.4324036281179122	106.15115908067911
9.4431179138321983	106.03354459727113
9.4538321995464845	105.80210776836076
9.4645464852607706	107.0574049014285
9.4752607709750549	107.85131308976588
9.485975056689341	112.46879750881418
10.257403628117913	149.70340045891678
10.268117913832199	149.18286211264837
10.278832199546484	149.55607895030289
10.28954648526077	154.44707460975701
10.300260770975056	156.51545415211874
10.310975056689342	157.0805055289278
10.321689342403626	155.61822015756269
10.332403628117913	154.1041171350484
10.343117913832199	154.66411950126027
10.353832199546485	156.66374769554997
10.364546485260769	156.70184703986547
10.375260770975055	155.07221578437338
10.385975056689341	153.68583320371425
10.396689342403628	150.44670515716805
10.407403628117914	149.50077956977344
10.418117913832198	148.65614416621753
10.428832199546484	149.21966928886062
10.43954648526077	152.57622676217935
10.450260770975056	159.71243466625359
10.460975056689341	170.9721543265068
10.471689342403627	168.0535162484305
10.482403628117913	163.7085600287509
10.493117913832199	162.23855151996369
10.503832199546485	160.16281948852154
10.51454648526077	159.00091589865696
10.525260770975056	159.53060588890872
10.535975056689342	160.15311542738348
10.546689342403628	144.79631378524303
10.557403628117912	144.49909423186793
10.568117913832198	149.46765555108945
10.578832199546484	154.56503413857627
10.589546485260771	155.67781064201941
10.600260770975055	154.40421327216893
10.610975056689341	150.3739713911651
10.621689342403627	148.30493528381706
10.632403628117913	146.02606412540965
10.643117913832199	143.84015818673089
10.653832199546484	143.4233227873998
10.66454648526077	141.53142256294035
10.675260770975056	135.55936198305076
10.685975056689342	131.86745646828251
10.696689342403626	128.56211668249685
10.707403628117913	124.08084372496575
10.718117913832199	116.46945758652436
10.728832199546485	107.75568299327573
10.825260770975056	133.86869013897839
10.835975056689341	136.51070573821931
10.846689342403627	136.56284692241542
10.857403628117913	136.41811764674762
10.868117913832199	136.25015288540413
10.878832199546485	136.50852536427641
10.88954648526077	137.34151973764006
10.900260770975056	137.61094454293828
10.910975056689342	138.33423871230644
10.921689342403628	139.03959519326366
10.932403628117912	139.16031535098239
10.943117913832198	139.2487349175847
10.953832199546484	139.47108102897647
10.964546485260771	138.64900883061947
10.975260770975055	138.25247407122723
10.985975056689341	138.79360791346443
10.996689342403627	139.17582898439699
11.007403628117913	139.31896214306175
11.018117913832199	138.75843579885242
11.028832199546484	138.26277028372047
11.03954648526077	137.70822909817392
11.050260770975056	137.36690883898791
11.060975056689342	137.92765669392966
11.071689342403626	137.87220843215241
11.082403628117913	137.16561732282608
11.093117913832199	137.4969963376254
11.103832199546485	137.69319908281821
11.114546485260769	139.58443365989856
11.125260770975055	140.4225954044195
11.135975056689341	141.75585544560491
11.146689342403628	141.65077834608658
11.157403628117914	140.80876463398758
11.168117913832198	139.79459516982885
11.178832199546484	138.55437408268602
11.18954648526077	131.29011517045674
11.200260770975056	125.51940680888204
11.210975056689341	117.77768637563995
11.285975056689342	147.94424652347769
11.296689342403628	148.80707088901184
11.307403628117912	142.01681345364256
11.318117913832198	140.90576087417716
11.328832199546484	141.14049890408697
11.339546485260771	140.99869709270644
11.350260770975055	141.5309717888712
11.360975056689341	142.36875856610246
11.371689342403627	139.89701772813663
11.382403628117913	139.9580862920171
11.393117913832199	138.71981490240685
11.403832199546484	135.89602354201031
11.41454648526077	136.00364106436405
11.425260770975056	137.67654047542453
11.435975056689342	138.0527570634215
11.446689342403626	137.80442165767229
11.457403628117913	141.47870901382188
11.468117913832199	140.97507927506757
11.478832199546485	140.4555312911981
11.682403628117912	161.46111595453993
11.693117913832198	154.33615276605028
11.703832199546484	154.33075478780691
11.714546485260771	150.97368366753426
11.725260770975055	148.57231761785636
11.735975056689341	149.31668819740835
11.746689342403627	150.6155888785604
11.757403628117913	151.8046887455005
11.768117913832199	155.24199113752559
11.778832199546484	155.62982466741079
11.78954648526077	159.06660877960937
11.800260770975056	161.5796101852786
11.810975056689342	163.12661426524767
11.821689342403626	162.79199155634066
11.832403628117913	160.55859260482933
11.843117913832199	160.30393434965032
11.853832199546485	158.42976566968346
11.864546485260769	156.2028473600686
11.875260770975055	154.49976522589495
11.885975056689341	151.19075057334598
11.896689342403628	145.16490062573016
11.907403628117914	150.67616103513362
11.918117913832198	150.61488408270066
11.928832199546484	150.04016128325685
11.93954648526077	145.70719708826272
11.950260770975056	145.2727871939004
11.960975056689341	144.15758652238969
11.971689342403627	137.07074176283763
11.982403628117913	126.41873895160579
11.993117913832199	119.72458610063092
12.003832199546485	118.27194598364068
12.01454648526077	112.46959046365002
12.025260770975056	109.51032672299078
12.035975056689342	100.97826576124254
12.046689342403628	100.82218600423727
12.057403628117912	87.813245364060776
12.068117913832198	86.37217887016034
12.078832199546484	86.419507685368202
12.089546485260771	92.293902495286119
12.100260770975055	98.521126340359089
12.110975056689341	105.84086532471113
12.121689342403627	108.94781026317121
12.132403628117913	110.03232750159636
12.143117913832199	110.55292731713044
12.153832199546484	110.92528480437112
12.16454648526077	110.21546584632654
12.175260770975056	109.26174882899544
12.185975056689342	109.09553514677225
12.196689342403626	107.05052523434864
12.207403628117913	104.10209643802702
12.218117913832199	104.13420560448708
12.228832199546485	103.26024938191667
12.239546485260769	102.93797167879086
12.250260770975055	100.85864285999799
12.260975056689341	101.43743703805497
12.271689342403628	102.04326339098063
12.282403628117914	102.29762892002299
12.293117913832198	103.541549877883
12.303832199546484	103.63137696817861
12.31454648526077	102.99922799994067
12.378832199546485	111.39810469512439
12.38954648526077	115.96919540513424
12.400260770975056	116.75111447674165
12.410975056689342	118.10542422717658
12.421689342403628	114.50904622301893
12.432403628117912	110.04705666719728
12.485975056689341	119.23783589621955
12.496689342403627	121.86635211891716
12.507403628117913	123.52527883235689
12.518117913832199	123.03029975536555
12.528832199546484	122.31440421208914
12.53954648526077	122.52641906984594
12.550260770975056	125.47196205748041
12.560975056689342	134.14883807579449
12.571689342403626	134.49156397798927
12.582403628117913	135.01683903141139
12.593117913832199	134.61364645431479
12.603832199546485	132.67534206635742
12.614546485260769	128.27716286050483
12.625260770975055	124.50433209476661
12.635975056689341	116.36933826142371
12.743117913832199	144.99510493904523
12.753832199546485	151.2987006744828
12.76454648526077	146.36310686084238
12.775260770975056	145.27621172421414
12.785975056689342	145.1894859715288
12.796689342403628	146.97433779581337
12.807403628117912	149.39746926932543
12.818117913832198	158.79667496839065
12.91454648526077	186.95325158513947
12.925260770975056	177.35752259680518
12.935975056689342	168.15669666863567
12.946689342403626	161.34452553397676
12.957403628117913	148.98400746228782
12.968117913832199	138.81206374271414
12.978832199546485	138.98377395019688
12.989546485260769	143.28598591778413
13.000260770975055	142.28715482810441
13.010975056689341	148.77375070805866
13.021689342403628	148.86260650881474
13.032403628117914	160.0504885338139
13.043117913832198	173.4142595419969
13.375260770975055	183.13381966243807
13.385975056689341	185.87757626380574
13.396689342403628	196.98281552713428
13.407403628117914	195.55432115155924
13.610975056689341	136.97786959522051
13.621689342403627	134.96400993406638
13.632403628117913	131.18441049077879
13.643117913832199	130.93557454795041
13.653832199546484	129.07984267585672
13.66454648526077	128.92755406682858
13.675260770975056	128.65791300385575
13.685975056689342	129.20924218117534
13.696689342403626	129.8473223894047
13.707403628117913	131.97542825423852
13.718117913832199	132.09783860005157
13.728832199546485	131.76620110257545
13.739546485260771	131.11793598472786
13.750260770975055	129.93958453865491
13.760975056689341	124.09983469429405
13.771689342403628	123.97515980653641
13.782403628117914	120.44956819490248
13.793117913832198	120.19584942068842
13.803832199546484	115.68168785522512
13.81454648526077	115.62643660966539
13.825260770975056	113.13138810891896
13.835975056689341	111.82764213730069
13.846689342403627	111.3225913453212
13.857403628117913	110.70980355674351
13.868117913832199	110.19441764573426
13.878832199546485	110.02399640310168
13.88954648526077	110.13790971546345
13.900260770975056	110.0068990457808
13.910975056689342	110.14838732199264
13.921689342403628	110.04818413557558
13.932403628117912	109.6022190224015
13.943117913832198	109.34598637962587
13.953832199546484	109.91908832312413
13.964546485260771	110.20557643613522
13.975260770975055	109.17415368957586
13.985975056689341	110.25558518863063
13.996689342403627	112.90608080335215
14.007403628117913	114.48041639030976
14.018117913832199	115.48190479780114
14.028832199546484	116.23608929786801
14.03954648526077	116.5125814046196
14.050260770975056	118.48710293902651
14.350260770975055	191.59953475422193
14.360975056689341	183.19779402676889
14.371689342403627	186.22479401177878
14.382403628117913	177.37771211799392
14.393117913832199	168.47188346101214
14.403832199546484	160.99362950027387
14.41454648526077	162.65464429871139
14.425260770975056	162.80462046352082
14.435975056689342	157.98277727208622
14.446689342403626	157.08616179661573
14.457403628117913	155.9650334006304
15.260975056689341	120.88057720108412
15.271689342403628	120.81646111862848
15.282403628117914	120.98904884749555
15.293117913832198	120.40557163897742
15.303832199546484	118.83083000970817
15.31454648526077	116.95696633387868
15.325260770975056	116.86085026465823
15.335975056689341	116.62801636514668
15.346689342403627	116.50049284762736
15.593117913832199	116.78249741853246
15.603832199546485	114.66905804199257
15.614546485260771	112.99297936439193
15.625260770975055	109.95760222694015
15.635975056689341	108.14541798799371
15.646689342403628	106.4098052772916
15.657403628117914	103.91376147534757
15.710975056689341	102.81455221779221
15.721689342403627	103.43402595075426
15.732403628117913	100.61516153658246
15.743117913832199	98.560510826165157
15.753832199546485	98.270527036789417
16.43954648526077	122.21110415344624
16.450260770975056	111.69102197108474
16.460975056689342	105.19311937187352
16.471689342403629	103.2373371996151
16.482403628117911	101.03493073383548
16.493117913832197	99.021235771347136
16.503832199546483	98.679605746089806
16.51454648526077	99.680719911667936
16.525260770975056	99.559814518663288
16.535975056689342	98.494256934936232
16.546689342403628	98.098330532299414
16.557403628117914	97.925175807605783
16.5681179138322	97.736748460596203
16.578832199546483	98.346642613236938
16.589546485260769	99.211911819251398
16.760975056689343	112.45959715953249
16.771689342403626	111.8617801972415
16.782403628117912	106.3908500851376
16.793117913832198	106.59510830268989
16.803832199546484	107.29135487671894
16.81454648526077	104.44339550975496
16.825260770975056	102.74720721991913
16.835975056689342	102.24167213187884
17.093117913832199	119.46687207097222
17.103832199546485	114.63314190329064
17.114546485260771	113.36173240273534
17.125260770975057	113.5360962891225
17.135975056689343	110.34469176291944
17.146689342403626	108.1326732293599
17.157403628117912	106.4528272740806
18.828832199546483	138.22324607513843
18.839546485260769	139.08419374524914
18.850260770975055	139.20806523639243
18.860975056689341	138.50284188012171
18.871689342403627	137.55795276086371
18.882403628117913	137.98672795290631
18.893117913832199	137.96889392468557
18.903832199546486	132.62675374229548
18.914546485260772	126.85145095622552
18.925260770975054	128.8747651381384
18.93597505668934	129.07189084842506
18.946689342403626	129.41439624486884
18.957403628117913	131.21856184425599
18.968117913832199	130.86701613698523
18.978832199546485	129.49397342255853
19.118117913832197	127.20297278254075
19.128832199546483	150.37577825095642
19.13954648526077	163.75111383902225
19.150260770975056	165.79808060696118
19.160975056689342	168.97061589652864
19.171689342403628	169.96633689856068
19.182403628117914	169.36104784297603
19.1931179138322	149.2054824370511
19.203832199546483	146.75803899845494
19.278832199546486	187.26455340498055
19.289546485260772	186.19686082684021
19.300260770975054	185.92948529945556
19.385975056689343	171.23764343503217
19.396689342403626	175.82841512590866
19.407403628117912	180.66643072173989
19.418117913832198	179.96509949541678
19.428832199546484	176.43855164884883
19.43954648526077	174.79517002945008
19.450260770975056	174.60154220237411
19.460975056689342	174.33875753316471
19.471689342403629	174.95062363089494
19.482403628117915	176.87890649173409
19.493117913832197	176.62964416151397
19.503832199546483	171.21451907878159
19.51454648526077	161.30502349924228
19.525260770975056	144.66699593661758
19.535975056689342	137.57503728642106
19.546689342403628	131.90718469368363
19.557403628117914	127.95453720401923
19.5681179138322	131.74714275608025
19.578832199546483	135.26828671480598
19.589546485260769	137.68684987342118
19.600260770975055	137.88697084191392
19.610975056689341	136.95896364147839
19.621689342403627	135.79863570587364
19.632403628117913	133.89135888380068
19.643117913832199	132.35513521491228
19.653832199546486	132.0883304377183
19.664546485260772	131.85108975777942
19.675260770975054	131.74468012060592
19.68597505668934	131.74442900626514
19.696689342403626	132.70381022142615
19.707403628117913	133.36863741516012
19.718117913832199	134.89461277890237
19.728832199546485	135.14441471644506
19.739546485260771	134.8318352311455
19.750260770975057	135.84175457387207
19.760975056689343	135.85573049753469
19.771689342403626	136.17288593869878
19.782403628117912	136.53333623410896
19.793117913832198	136.89743677749163
19.803832199546484	136.61348302477816
19.81454648526077	138.06396366494974
19.825260770975056	139.61160321445234
19.835975056689342	140.67342338756652
19.846689342403629	141.18856415924137
19.857403628117915	141.40629256039733
19.868117913832197	141.5060013078652
19.878832199546483	141.11558874683902
19.88954648526077	139.7867524237796
19.900260770975056	136.59202878170595
19.910975056689342	130.61030555197527
19.921689342403628	123.90693923556223
19.932403628117914	117.56407980762845
19.975260770975055	122.44810785342685
19.985975056689341	119.88810611103372
19.996689342403627	116.39377146692414
20.007403628117913	110.07317311626552
20.018117913832199	105.97771184859154
20.028832199546486	103.84687394757489
20.039546485260772	103.06824519946198
20.050260770975054	102.09929693821528
20.06097505668934	100.61403570166898
20.071689342403626	99.342076279230781
20.082403628117913	99.332587005171447
20.093117913832199	100.43956598958076
20.103832199546485	99.6191301497865
20.114546485260771	98.692021590660502
20.125260770975057	97.313780518007007
20.135975056689343	96.09865122234136
20.146689342403626	95.86098722632498
20.157403628117912	96.115229943351721
20.168117913832198	96.001230115821343
20.178832199546484	93.655132654113416
20.18954648526077	93.91653563035527
20.200260770975056	93.369423577624957
20.210975056689342	92.010815607474584
20.221689342403629	91.78829383597791
20.232403628117915	89.787076186105935
20.243117913832197	89.479690724032608
20.253832199546483	94.441399014832371
20.26454648526077	99.199383055689097
20.275260770975056	99.298921498985067
20.285975056689342	98.603042949265074
20.296689342403628	97.657188185965637
20.403832199546486	116.92681213022772
20.414546485260772	116.63738750299966
20.425260770975054	110.06574957529752
20.596689342403629	145.19124012945485
20.607403628117915	145.14612915943991
20.618117913832197	143.39388724714283
20.628832199546483	143.16402947815536
20.63954648526077	142.3889250249716
20.650260770975056	141.89755034025274
20.660975056689342	140.68478068417124
20.671689342403628	137.55508204256594
20.682403628117914	133.87853948635262
20.6931179138322	129.44303983881954
20.703832199546483	127.00467837789107
20.843117913832199	93.164025138972008
20.853832199546485	94.828465022375482
20.864546485260771	91.978530974310488
20.875260770975057	93.613065034829106
20.885975056689343	90.98674022411592
20.896689342403626	89.221435199180476
20.907403628117912	87.187099864352035
20.918117913832198	85.119024349696247
20.928832199546484	83.185151886191846
20.93954648526077	83.147062907041956
20.950260770975056	83.759798150448731
20.960975056689342	83.797882476392175
20.971689342403629	86.184824701504425
21.153832199546486	115.06659037898964
21.164546485260772	113.0311921345622
21.175260770975054	111.11987682365283
21.18597505668934	111.50540175297202
21.196689342403626	111.76134390565313
21.207403628117913	111.64043890337669
21.218117913832199	111.57093276883842
21.228832199546485	111.60690604735676
21.239546485260771	104.93408890582344
21.346689342403629	116.30399313336468
21.357403628117915	115.88177002573519
21.518117913832199	114.22165293510045
21.528832199546486	114.58190932195591
21.539546485260772	114.27342460748103
21.550260770975054	114.57998788007457
21.56097505668934	115.98914005622336
21.571689342403626	118.43912670210635
21.582403628117913	121.30060409597556
21.593117913832199	123.75197691951506
21.603832199546485	126.39277128380904
21.614546485260771	127.41272070504068
21.625260770975057	126.92585391442186
21.635975056689343	126.22985920688262
21.646689342403626	123.13034901097301
21.657403628117912	119.69372987799969
21.668117913832198	113.66298146390223
21.678832199546484	115.02522125485065
21.68954648526077	111.37444513141959
21.700260770975056	107.10087150534447
21.710975056689342	103.8100391595986
21.721689342403629	101.70283916131251
21.732403628117915	100.95401829259245
21.743117913832197	99.211081295992329
21.753832199546483	96.998550623471687
21.76454648526077	97.867714526546294
21.775260770975056	97.791916939756845
21.785975056689342	96.061658580391679
21.796689342403628	93.485975033250469
21.807403628117914	91.892844915422629
21.8181179138322	91.426814449333023
21.828832199546483	91.224705810431203
22.375260770975057	118.49133274149987
22.385975056689343	117.8950039486453
22.396689342403626	113.36942633551682
22.407403628117912	113.3386387978518
22.418117913832198	109.85278153182256
22.428832199546484	109.22329452059776
22.43954648526077	109.21770859641973
22.450260770975056	109.82366857193918
22.460975056689342	109.91022825989069
22.471689342403629	106.16061262671654
22.482403628117915	99.988706169377792
22.675260770975054	115.51855753401395
22.68597505668934	114.59460558170926
22.696689342403626	113.45018086702866
22.707403628117913	113.89211490308038
22.718117913832199	114.72605427496606
22.728832199546485	115.99829750152148
22.739546485260771	116.69316870776713
22.750260770975057	120.64441337843725
22.760975056689343	122.52078301249068
22.771689342403626	122.47244200533817
22.782403628117912	123.77482375692908
22.793117913832198	124.24493237799443
22.803832199546484	124.41429965971429
22.81454648526077	123.36125378066941
22.825260770975056	124.36891311222139
22.835975056689342	124.66453632514212
22.846689342403629	125.72140455231677
22.857403628117915	126.3229992013561
22.868117913832197	126.76440462301106
22.878832199546483	126.71135167115324
22.88954648526077	124.39216035401307
22.900260770975056	124.05781538915485
22.910975056689342	123.41566370633421
22.921689342403628	123.5214759428634
22.932403628117914	122.56582656685652
22.9431179138322	119.37176852149032
22.953832199546483	116.24361560977846
22.964546485260769	109.48552756406949
22.975260770975055	110.42266221441405
22.985975056689341	114.40698523695895
22.996689342403627	113.36211865380982
23.007403628117913	114.43680164541429
23.018117913832199	113.62615677794129
23.028832199546486	113.90998913550418
23.039546485260772	108.18348215510578
23.050260770975054	108.22029152970869
23.06097505668934	109.3858027895202
23.071689342403626	110.37598656771762
23.082403628117913	110.83226715882978
23.093117913832199	111.04243430997884
23.103832199546485	107.52827570794254
23.114546485260771	107.41397648188097
23.125260770975057	105.51227474693401
23.135975056689343	112.81490936706301
23.146689342403626	113.06797416120514
23.157403628117912	114.66877502972815
23.168117913832198	113.96572509976042
23.178832199546484	113.78580188882705
23.18954648526077	113.22008794535479
23.200260770975056	110.33739411172151
23.210975056689342	108.56450972492779
23.221689342403629	103.4628664985793
23.328832199546483	105.37916421901608
23.339546485260769	105.29888371067898
23.350260770975055	103.09905661514904
23.360975056689341	100.14192740355747
23.371689342403627	99.033804735986493
23.382403628117913	98.905219958146816
23.393117913832199	99.212060927781877
23.403832199546486	98.921121263209031
23.414546485260772	99.496946134185634
23.425260770975054	99.690412171757018
23.43597505668934	100.09427562196126
23.446689342403626	99.867615120128704
23.671689342403628	105.89649913172894
23.682403628117914	105.45037460450951
23.6931179138322	103.43868994180839
23.703832199546483	100.55276073656658
23.714546485260769	100.04071843448885
23.725260770975055	98.078248579320643
23.735975056689341	97.230396377690241
23.746689342403627	96.806900573095575
23.757403628117913	96.367716375670767
23.768117913832199	96.31586744255705
23.778832199546486	94.934871375894332
23.789546485260772	95.015656320388914
23.800260770975054	94.022974102330053
23.81097505668934	93.452854899938231
23.821689342403626	92.341966950033154
23.832403628117913	92.786739295766765
23.843117913832199	91.422964370455361
23.853832199546485	91.72494076623795
23.864546485260771	88.566371752445008
23.875260770975057	90.209400372472913
23.885975056689343	90.270583985629855
23.896689342403626	88.212361527098849
23.982403628117915	92.677096805236147
23.993117913832197	95.635456736517426
24.003832199546483	95.636930501520638
24.01454648526077	95.638987260522256
24.025260770975056	95.463659355806442
24.089546485260769	100.39885760290784
24.100260770975055	100.11151530078024
24.110975056689341	99.46171887562879
24.121689342403627	100.03833120372263
24.132403628117913	97.83032878288823
24.143117913832199	97.884655102495415
24.153832199546486	95.955181321631429
24.164546485260772	98.568247622955923
24.175260770975054	93.876261075703269
24.18597505668934	93.632435163329504
24.196689342403626	94.347661606475569
24.207403628117913	94.759507443606495
24.218117913832199	94.858360478928944
24.228832199546485	95.090750298437641
24.239546485260771	87.708668909719037
24.38954648526077	93.813595578715422
24.400260770975056	93.160264570474666
24.410975056689342	92.726298282607601
24.421689342403628	92.843001124896716
24.432403628117914	90.799403300243739
24.700260770975056	100.23859842323085
24.710975056689342	100.08885146906131
24.721689342403629	100.02592257783053
24.732403628117915	100.01062948230823
24.743117913832197	97.466210285340892
24.753832199546483	97.534761118595412
24.807403628117914	91.665074176947158
24.8181179138322	90.478981390390558
24.828832199546483	89.020241188928281
24.839546485260769	90.991263532666508
24.850260770975055	90.598454355093665
24.860975056689341	90.745144258258463
25.900260770975056	139.89642650573262
25.910975056689342	135.22470863925059
25.921689342403628	124.70925985804472
25.932403628117914	123.96923082601299
25.9431179138322	126.02102736327295
25.953832199546483	123.5088142828351
25.964546485260769	121.16821314748309
25.975260770975055	117.36050996012919
25.985975056689341	111.03751738743671
26.06097505668934	149.10440347195578
26.071689342403626	146.31582556687428
26.082403628117913	145.23118632229907
26.093117913832199	145.33579804488383
26.103832199546485	146.28829375697023
26.114546485260771	147.95878218137972
26.125260770975057	149.17998322930885
26.135975056689343	151.32635771797248
26.146689342403626	153.39056620076897
26.157403628117912	158.29138835831961
26.168117913832198	161.36378800581988
26.178832199546484	163.65678595641688
26.18954648526077	166.19003870945647
26.200260770975056	168.659810148036
26.210975056689342	170.47545324746653
26.221689342403629	176.78937822450931
26.232403628117915	210.03558777298684
26.243117913832197	223.70580886476489
26.253832199546483	233.66636371796605
26.26454648526077	169.06874024319151
26.275260770975056	168.03396050420116
26.382403628117913	167.61779756736189
26.393117913832199	167.35630660130269
26.403832199546486	170.44283399003686
26.414546485260772	171.74374960146974
26.425260770975054	171.94789835299986
26.43597505668934	163.44039358969061
26.532403628117912	145.78857298634088
26.543117913832198	140.58709097955699
26.553832199546484	141.19852331485268
26.56454648526077	130.7135060977449
26.575260770975056	125.77036066767693
26.585975056689342	121.39954402718681
26.596689342403629	116.67585121649476
26.607403628117915	113.91697025326752
26.618117913832197	111.46294572111475
26.628832199546483	110.86405075132727
26.63954648526077	110.2320038253861
26.650260770975056	108.69137213485514
26.660975056689342	108.3926947186774
26.671689342403628	107.63190092157978
26.682403628117914	107.76581214056569
26.6931179138322	107.87900725504646
26.703832199546483	106.03320971910081
26.821689342403626	119.98722947574809
26.832403628117913	119.32857142876065
26.843117913832199	120.07314701329155
26.853832199546485	121.88051595616359
26.864546485260771	122.16503036938994
26.875260770975057	112.6892992418781
26.885975056689343	112.18888648453328
26.896689342403626	112.47060644189915
26.907403628117912	111.20386938858539
27.01454648526077	120.8066281198297
27.025260770975056	121.29383838089505
27.035975056689342	127.73457416818808
27.046689342403628	127.17741581195135
27.057403628117914	126.07448406464752
27.0681179138322	124.19604593351231
27.078832199546483	123.76545411190612
27.089546485260769	119.29181168547902
27.100260770975055	107.64629384229112
27.282403628117912	138.27974070286115
27.293117913832198	141.13350360091738
27.303832199546484	149.89685789938591
27.31454648526077	151.8334202911837
27.325260770975056	152.2307275025116
27.335975056689342	151.09183254761336
27.346689342403629	149.72291260340245
27.357403628117915	149.40761593921641
27.368117913832197	149.54854206270085
27.378832199546483	143.54302774723115
27.38954648526077	139.46515792230142
27.400260770975056	135.79894832650857
27.410975056689342	128.24494093122007
27.421689342403628	124.2795168738288
27.582403628117913	138.85089616561427
27.593117913832199	137.66885412986804
27.603832199546485	135.77317295629834
27.614546485260771	135.84875286657797
27.625260770975057	135.64688486982669
27.635975056689343	136.10273210434175
27.646689342403626	137.85884307667811
27.657403628117912	137.45450943770575
27.668117913832198	135.90620211896328
27.882403628117913	152.645653534231
27.893117913832199	158.0481142876971
27.903832199546486	162.97933478026891
27.914546485260772	159.72875158376127
27.925260770975054	155.53010525290014
27.93597505668934	152.84534255876065
27.946689342403626	147.42450907199608
27.957403628117913	140.52367257506202
27.968117913832199	134.21836531261036
27.978832199546485	126.45541884855699
27.989546485260771	121.48183518362006
28.000260770975057	113.39386790594976
28.010975056689343	109.8366716190248
28.021689342403626	106.60471073337781
28.032403628117912	103.3159170546046
28.043117913832198	99.168892650996753
28.053832199546484	96.213238037254641
28.06454648526077	93.881475731534977
28.075260770975056	94.483265996389406
28.085975056689342	93.725589141452318
28.096689342403629	92.792494998040951
28.107403628117915	92.691019332498414
28.118117913832197	93.186033348169843
28.460975056689342	139.38022864766143
28.471689342403629	139.42474264911527
28.482403628117915	140.02017400170433
28.493117913832197	139.67968662454655
28.503832199546483	129.92059197785463
28.51454648526077	126.13299992842161
28.525260770975056	122.02450060886527
28.535975056689342	114.09902498805441
28.546689342403628	111.58319119985744
28.557403628117914	107.67814478534721
28.5681179138322	103.89064712556107
28.578832199546486	103.90591434444599
28.589546485260769	100.93842701621323
28.600260770975055	98.712964283161568
28.610975056689341	96.284172767572045
28.621689342403627	94.418497280082718
28.632403628117913	94.895924057639974
28.643117913832199	94.398567001549949
29.275260770975056	195.26415640842188
29.285975056689342	194.11357022832408
29.296689342403628	192.52505349338259
29.307403628117914	188.90019564600712
29.3181179138322	187.49441049198663
29.328832199546486	187.42255563447932
29.339546485260769	187.50746191430858
29.350260770975055	185.63523532511155
29.360975056689341	183.63590288236861
29.371689342403627	180.83026964145498
29.382403628117913	176.19391156032091
29.596689342403629	148.60815290355617
29.607403628117915	154.92094302610241
29.618117913832197	158.98651856695091
29.628832199546483	156.22582418567319
29.63954648526077	154.59029238983607
29.650260770975056	150.42656889060547
29.660975056689342	142.64130651745688
29.671689342403628	134.72742871222826
29.853832199546485	126.19752631114387
29.864546485260771	120.23110608265645
29.896689342403626	97.04281857651452
29.918117913832198	101.41074455603055
29.928832199546484	100.64139867690643
29.93954648526077	98.783616661076579
29.950260770975056	99.031455712276042
29.960975056689342	96.066207489142215
29.971689342403629	93.68315725938416
29.982403628117915	93.956102448191331
29.993117913832197	93.498393360344707
30.335975056689342	108.0161092954587
30.346689342403629	104.62074071692177
30.357403628117915	101.04472961341646
30.368117913832197	100.64573373957917
30.378832199546483	98.125244087487516
30.38954648526077	95.652025347453915
30.400260770975056	95.824260433264257
30.410975056689342	95.616280056067922
30.421689342403628	92.906933363627402
30.432403628117914	92.745552081736406
30.4431179138322	92.226303882736687
30.453832199546486	91.489235066087574
30.464546485260769	91.260772211685904
30.475260770975055	90.759671588959648
30.485975056689341	90.724034395124306
30.496689342403627	90.597659742866767
30.507403628117913	90.706980063852725
30.700260770975056	108.75780808000157
30.710975056689342	103.3770714449071
30.721689342403629	101.65266232432928
30.732403628117915	101.15350657398453
30.743117913832197	102.46315474045603
30.753832199546483	103.78186164671996
30.76454648526077	103.72232500090287
30.775260770975056	103.64726619267863
30.785975056689342	103.7483268551745
30.796689342403628	104.09772626361996
30.807403628117914	104.56398579764515
30.8181179138322	104.67964274310488
30.828832199546486	105.90033107411729
30.839546485260769	105.82136250209014
30.850260770975055	104.85930310378154
30.860975056689341	102.86103203032852
31.118117913832197	124.71930795880257
31.128832199546483	124.64270761480277
31.13954648526077	124.36473315374295
31.150260770975056	119.29195198207901
31.160975056689342	118.55936956078681
31.171689342403628	117.78021057222755
31.182403628117914	116.88719373529963
31.1931179138322	115.74676740262559
31.203832199546486	111.169106708144
31.214546485260769	109.55924376887936
31.225260770975055	105.69085952897487
31.235975056689341	101.38880277444103
31.246689342403627	97.601439429373045
31.257403628117913	95.705599250771101
32.082403628117909	126.14150026281676
32.093117913832195	125.41812828499891
32.103832199546481	118.43874329972242
32.114546485260767	118.7141755751117
32.125260770975054	103.44983751733244
32.318117913832197	120.72526110016248
32.328832199546483	124.92706027080651
32.339546485260769	125.25476203957984
32.350260770975055	126.38791871397008
32.360975056689341	127.91810396640491
32.371689342403627	128.21027083650603
32.382403628117906	127.92238394384057
32.393117913832192	129.47389157865368
32.403832199546478	129.44541710119458
32.414546485260765	132.64255655007278
32.425260770975051	132.21494071826228
32.435975056689337	131.9765630477732
32.446689342403623	132.70023616906738
32.457403628117909	132.73649024155245
32.468117913832195	131.92320058097161
32.478832199546481	131.67973623199609
32.489546485260767	126.33934369679605
32.500260770975054	122.10551115951188
32.51097505668934	118.16215473215786
32.521689342403626	115.82504802435531
32.532403628117912	113.10842018058943
32.543117913832198	109.99186928611363
32.553832199546484	105.95131964656758
32.639546485260766	113.09239268554879
32.650260770975052	109.86503635038606
32.660975056689338	108.35621905904452
32.671689342403624	107.80936069527748
32.68240362811791	106.98214442503105
32.693117913832197	106.62814341971045
32.703832199546483	106.55762013173664
32.714546485260769	106.27201381501905
32.725260770975055	106.76138629970555
32.735975056689341	106.48710870456362
32.746689342403627	106.22006855554113
32.757403628117906	106.07501630369983
32.768117913832192	106.06694548423991
32.778832199546478	106.19291035163818
32.789546485260765	105.98618945267793
32.800260770975051	105.71629520974953
32.810975056689337	105.5478315108316
32.821689342403623	105.71438521828101
32.832403628117909	106.30330748384247
32.843117913832195	106.72563532242134
32.853832199546481	107.46469683544711
32.864546485260767	107.88637535587364
32.875260770975054	108.04636890045887
32.88597505668934	108.21018893904309
32.896689342403626	108.99704971715721
32.907403628117912	109.50940140310506
32.918117913832198	110.62666306094303
32.928832199546484	110.8248942120198
32.939546485260763	112.40871453213366
32.950260770975049	111.83489021744458
32.960975056689335	112.00678305551882
32.971689342403621	109.21754080973626
33.068117913832197	113.16978435725539
33.078832199546483	112.2346211629863
33.089546485260769	107.16158922642363
33.100260770975055	107.04207323082109
33.110975056689341	107.27906198345948
33.121689342403627	108.96636566645827
33.132403628117906	109.16856328915152
33.335975056689335	120.31352362313044
33.346689342403621	118.12097804746345
33.357403628117908	118.21108326083407
33.368117913832194	113.66868944935314
33.37883219954648	112.97510272154356
33.389546485260766	111.70851568840959
33.400260770975052	111.37796836767427
33.410975056689338	110.23393427068433
33.421689342403624	109.56538517188112
33.43240362811791	108.95195415001395
33.443117913832197	108.36212039742038
33.453832199546483	107.89473454414593
33.464546485260769	107.708894620649
33.475260770975055	108.19551391327208
33.485975056689341	108.58954002571075
33.496689342403627	107.94324446178719
33.507403628117906	107.44708779983311
33.518117913832192	106.33048835863286
33.528832199546478	105.56277195984265
33.539546485260765	105.38172130517556
33.550260770975051	106.47180604482541
33.560975056689337	107.88390488968001
33.571689342403623	108.21544434636891
33.582403628117909	108.5724521730678
33.593117913832195	108.88357419482369
33.603832199546481	108.90490025355554
33.614546485260767	107.84965894301875
33.625260770975054	105.53536670113073
33.903832199546478	120.20743928818807
33.914546485260765	120.02907973029902
33.925260770975051	116.59359550975361
33.935975056689337	114.3196839070927
33.946689342403623	113.85239968064336
33.957403628117909	113.13625074466587
33.968117913832195	112.14179401988065
33.978832199546481	112.34555595099883
33.989546485260767	113.09609532221108
34.000260770975054	113.10479966111588
34.01097505668934	112.7291012558069
34.021689342403626	112.95432633735767
34.032403628117912	113.42070938461165
34.043117913832198	112.32823413762029
34.053832199546484	112.6651043631532
34.06454648526077	113.11765952477617
34.075260770975049	112.98073661563492
34.085975056689335	104.82151973794907
34.096689342403621	101.72522044283855
34.107403628117908	101.71861909129559
34.118117913832194	104.46108834745492
34.12883219954648	111.60751799967899
34.139546485260766	111.79208590826977
34.150260770975052	111.40433585538098
34.160975056689338	111.33799033281562
34.171689342403624	108.33010435944114
34.18240362811791	107.4527271095926
34.193117913832197	112.6693350661044
34.203832199546483	112.90553869996354
34.353832199546481	109.11391126117299
34.364546485260767	109.38234999307232
34.375260770975054	110.43277006806616
34.38597505668934	111.55417386237373
34.396689342403626	110.41140050751011
34.407403628117912	110.0490359950193
34.418117913832198	110.18922625659985
34.610975056689341	100.94502553396073
34.621689342403627	100.96366436770053
34.632403628117906	99.796040620721683
34.643117913832192	99.318838322884076
34.653832199546478	98.263512643247154
35.393117913832192	136.7681098178823
35.403832199546478	139.15128182173848
35.414546485260765	138.79687252549272
35.425260770975051	129.28621434664524
35.435975056689337	123.58799165877492
35.446689342403623	118.98888135620533
35.457403628117909	113.83766827653864
35.468117913832195	113.07154270686149
35.478832199546481	113.09399780715358
35.489546485260767	134.80242894751501
35.500260770975054	135.45768371107528
35.51097505668934	135.52454580623359
35.521689342403626	135.09580507288314
35.532403628117912	131.94778649597058
35.543117913832198	130.25232267177992
35.553832199546484	128.8142696529051
35.56454648526077	128.94394903766312
35.575260770975049	130.14723086204833
35.585975056689335	131.36690694002652
35.596689342403621	133.24732169072118
35.607403628117908	136.03607105405692
35.618117913832194	139.87648250189801
35.62883219954648	145.31318286856168
35.639546485260766	145.75467741181302
35.650260770975052	145.12317838004554
35.660975056689338	139.33691889970612
35.671689342403624	141.51228766492329
35.68240362811791	144.91300492553765
35.693117913832197	145.49560246420859
35.703832199546483	144.38102614839909
35.714546485260769	141.81628671311029
35.725260770975055	137.14448385586846
35.735975056689341	135.40056701178759
35.746689342403627	136.10497203733539
35.757403628117906	132.12556773656047
35.768117913832192	131.59636535087807
35.778832199546478	130.18495239689923
35.789546485260765	124.69877896475019
35.800260770975051	124.1345207708152
35.810975056689337	123.56938492225974
35.821689342403623	122.21460933016805
35.832403628117909	121.07103243264945
35.843117913832195	121.42068200902931
35.853832199546481	121.86689748916176
35.864546485260767	121.68685481083125
35.875260770975054	116.20496834839956
35.88597505668934	109.76981048183642
35.896689342403626	104.57749326620265
36.100260770975055	113.19498387067404
36.110975056689341	116.71073735878667
36.121689342403627	119.78710716974663
36.132403628117906	121.7132208285923
36.143117913832192	121.76009117821577
36.153832199546478	121.471913527851
36.164546485260765	120.52023271247158
36.175260770975051	121.85697416381764
36.185975056689337	122.0682777790467
36.196689342403623	122.75582141631833
36.207403628117909	124.00900765115487
36.218117913832195	125.54711467796693
36.228832199546481	126.60713598178302
36.239546485260767	131.36813483145139
36.250260770975054	132.57415018355238
36.26097505668934	133.18629871460527
36.271689342403626	126.93055871273194
36.560975056689337	128.89762441396886
36.571689342403623	127.82937230802943
36.582403628117909	122.45492426861115
36.593117913832195	118.37494720787582
36.603832199546481	114.43108783915928
36.614546485260767	116.64217209371381
36.625260770975054	116.03595018485935
36.63597505668934	108.50831193676818
36.646689342403626	107.05777767312135
36.657403628117912	105.32655044031327
36.668117913832198	103.28507912127488
36.678832199546484	102.37528125208672
36.68954648526077	101.89571072938195
36.700260770975049	101.2697869493599
36.710975056689335	100.8030916691942
36.721689342403621	100.12089141331418
36.732403628117908	100.01194804814574
36.743117913832194	99.003383995577011
36.75383219954648	97.666825395217401
36.764546485260766	97.174544150841299
36.775260770975052	95.660017352349357
36.785975056689338	99.482035936647236
36.796689342403624	99.611854494120323
36.80740362811791	96.982564244459638
36.818117913832197	98.049536501208564
36.828832199546483	103.81373516614102
36.839546485260769	104.47845810285068
36.850260770975055	105.25505420228318
36.860975056689341	105.35688606445792
36.871689342403627	106.18056430329732
36.882403628117906	106.33627705569685
37.193117913832197	119.81314818394654
37.203832199546483	120.30852809331195
37.214546485260769	120.11005631472382
37.225260770975055	117.19964223953711
37.235975056689341	112.03663561299736
37.246689342403627	112.56100006599871
37.257403628117906	116.15183228172822
37.268117913832192	115.60608591544532
37.278832199546478	114.8578260760989
37.289546485260765	114.51964204476381
37.300260770975051	114.2518900271839
37.310975056689337	113.36432205409305
37.321689342403623	110.7930868516775
37.332403628117909	109.08586060823461
37.343117913832195	110.11370816032537
37.353832199546481	119.38277171683943
37.364546485260767	123.01338492870835
37.375260770975054	123.70601636907897
37.38597505668934	120.40622868928969
37.396689342403626	119.5269233926478
37.407403628117912	120.31418836851662
37.418117913832198	119.83143664611494
37.428832199546484	117.52684135222947
37.43954648526077	116.19827281462963
37.450260770975049	114.11523732693735
37.460975056689335	116.58098897421674
37.825260770975049	138.89560588061346
37.835975056689335	138.44688488307401
37.846689342403621	134.1454900817516
37.857403628117908	126.94709233543756
37.868117913832194	122.74399889394167
37.87883219954648	116.35204535221642
37.889546485260766	113.09328062722288
37.900260770975052	107.3277645375028
37.910975056689338	106.98990831706449
37.921689342403624	104.64792877381961
37.93240362811791	104.93931605407315
37.943117913832197	108.00381615239866
37.953832199546483	111.7740431535731
37.964546485260769	114.70214172914913
37.975260770975055	114.83617422791805
37.985975056689341	111.67964623622463
37.996689342403627	108.0013552902638
38.007403628117906	104.78814720235343
38.018117913832192	103.19755216296583
38.028832199546478	101.10433974114471
38.521689342403626	120.22177800568302
38.532403628117912	119.85142663868476
38.543117913832198	125.41820445029425
38.553832199546484	122.16948672049251
38.56454648526077	113.39823617421391
38.575260770975049	113.8553442300897
38.585975056689335	114.58271624262969
38.596689342403621	107.43610742624101
38.607403628117908	99.682123189325495
38.618117913832194	96.142656781844835
38.62883219954648	95.093771809474021
38.639546485260766	94.668611054613109
38.650260770975052	93.099247478555313
38.93954648526077	100.09840713156966
38.950260770975049	98.082967988747413
38.960975056689335	96.933317307063732
39.678832199546484	107.56751056104206
39.68954648526077	106.97359859486416
39.700260770975049	103.90087285443211
40.728832199546481	113.98162909595517
40.739546485260767	113.49826646561941
40.750260770975054	112.03911476084188
40.76097505668934	110.23500719516542
40.771689342403626	107.28340285723316
41.232403628117908	102.71112017467874
41.243117913832194	102.89427782884643
41.25383219954648	103.015326525907
41.264546485260766	103.24193850261743
41.275260770975052	100.50764719938739
41.285975056689338	94.729797456693618
41.489546485260767	107.73709228599388
41.500260770975054	104.3814415700553
41.51097505668934	99.656954151885031
41.521689342403626	98.071283624029704
41.532403628117912	95.809772851024221
41.543117913832198	95.289838462163047
41.553832199546484	94.801062333755837
41.56454648526077	95.649860480482658
41.575260770975049	96.391275705137602
41.585975056689335	95.677922192119908
41.596689342403621	95.564086121333403
41.607403628117908	95.101059381740924
41.618117913832194	95.789951610409759
41.62883219954648	94.441519435793566
41.93954648526077	100.70418466569191
41.950260770975049	100.82092679207686
41.960975056689335	102.01477424286597
41.971689342403621	102.04753257699252
41.982403628117908	99.23131472277079
41.993117913832194	99.387614450217853
42.089546485260769	92.160460257753286
42.100260770975055	92.687108123369924
42.110975056689341	90.228736111912397
